0.26851 0.672627
-1.00848 1.12817
0.107846 -0.28899
0.407298 1.47985
-2.46291 -0.0836346
-1.2111 -0.569276
-0.35637 0.00478765
0.0615503 1.46869
0.130571 0.625417
-0.122279 -1.86766
-1.21731 -1.3856
0.201797 0.123894
0.966355 0.525728
0.902752 -0.494959
0.50316 -0.905381
0.98717 -0.772851
1.05544 1.0968
-1.10972 -1.35435
0.0519898 -0.00895419
-0.960488 -0.379755
1.40774 1.2477
0.360451 -0.31168
-0.265368 1.64901
-0.539169 1.10681
1.10321 -0.446718
0.144309 -0.0705775
-2.67532 -1.17663
-1.73942 -0.458101
0.304629 1.52994
0.205899 0.748941
-0.208928 -0.971288
1.74758 -0.505021
-0.0268454 -0.636764
-0.752099 -1.38607
-0.0584584 -0.0916864
-0.0613564 -0.318505
-1.14627 -1.53265
0.825099 -1.24298
0.923597 -0.350149
-1.40426 -0.321963
0.318146 -1.09354
1.71771 -0.673881
1.20863 0.353225
-0.716383 -0.741557
2.00019 -0.68144
1.65326 -0.112514
-0.552393 -0.226684
0.074746 -0.14032
-0.976359 -1.45234
0.113431 -0.620262
0.605235 1.02181
0.462493 0.430334
0.665451 0.190141
-3.02932 -0.346315
1.35061 -1.25539
0.596652 -0.044592
0.554365 -2.62583
-0.451591 -0.971927
-0.871091 0.308717
-1.80486 0.0810152
1.249 -0.551636
0.827703 -0.0397427
0.174616 -0.474532
-0.736518 1.17314
-1.60117 -0.0817846
-1.84194 0.549056
3.1982 1.03439
0.766493 -0.824103
0.473443 0.921531
-0.652754 -0.674795
-0.145337 0.173245
0.589085 -0.977057
0.841471 1.72774
-1.00324 -1.89519
-0.591771 -0.295525
-0.243221 -0.890843
-0.0546016 0.132199
-1.2075 2.13822
0.647488 0.70926
0.582449 -0.121696
-2.72666 -0.873323
-0.679884 -1.19728
-0.403201 0.337418
0.499665 -1.7674
-0.449748 -0.785939
-0.782399 -0.232116
-1.14591 -0.436296
-0.601025 0.424142
-0.80671 0.0357573
-1.32491 0.413575
-0.626365 1.30692
-0.26431 1.42722
0.309325 -0.328182
-1.57142 -1.27151
-0.884892 -0.682672
0.619921 0.705608
-2.12814 0.096306
-0.60202 -2.13163
0.0962152 0.207768
0.324889 0.301532
